57 1.0098859 0.6805944
0 1.1620768 0.29820114
25 1.8126392 -0.7961313
27 0.93570364 0.92260677
11 0.9887318 0.7453389
6 1.6209627 -0.51209724
49 1.096613 0.45045885
51 1.0082039 0.6980194
65 1.0878307 0.47796625
24 1.0901861 0.45237827
15 1.312066 -0.05404516
52 1.0037471 0.6950113
10 1.3302913 -0.0690207
50 1.0905415 0.4561067
108 1.1142268 0.40930372
96 0.8663965 1.1629598
107 1.1050422 0.41943666
79 1.1797956 0.21772774
63 1.123171 0.3411516
71 1.077815 0.5032445
23 1.0192319 0.66140616
97 0.9233359 0.9375736
76 0.8729102 1.131499
31 1.3449438 -0.07712806
47 1.1791676 0.2468551
2 0.9686071 0.7943906
94 0.9385376 0.898903
55 1.1066412 0.3810621
61 1.502302 -0.37174973
83 0.874012 1.1367378
89 0.93423223 0.9038704
67 1.0081125 0.6891592
29 0.9065963 0.96015763
66 0.8885463 1.1526719
69 1.1322469 0.3353877
111 1.0415099 0.5488872
92 0.96524024 0.7881715
45 0.9471737 0.8828839
74 1.2301414 0.123964034
44 1.3348083 -0.09262221
82 1.1452454 0.27482533
68 1.2637248 0.037177667
30 1.18277 0.2595784
80 0.9597685 0.81253725
21 1.1763436 0.24566932
81 0.94827336 0.86997306
46 1.2934021 0.019165417
42 1.4491179 -0.28842545
99 0.90621525 1.0036485
91 1.1622348 0.29637522
59 1.1846538 0.23047107
106 1.2644095 0.057754863
14 1.4806981 -0.34969625
102 0.8611764 1.1850646
22 1.3221937 -0.065311834
8 1.3259069 -0.10267915
34 1.1144661 0.41616583
16 1.0908662 0.44475815
28 0.9158586 1.0046303
73 1.0116599 0.62884027
9 1.4168836 -0.21871404
40 1.557184 -0.45556626
39 0.85613537 1.2996285
98 0.8919911 1.0708265
43 0.9016088 1.0233566
12 1.2680849 0.06463426
103 1.1584535 0.31473082
105 0.9095036 0.9579735
48 1.281528 0.038972534
17 1.2437521 0.10856643
26 1.0558437 0.553106
84 1.0157138 0.6816075
7 1.1727176 0.29353163
20 1.0538225 0.5760343
1 0.9459688 0.88264143
41 1.4889699 -0.34002322
18 0.77641505 1.7674125
100 0.96569824 0.79448473
64 1.0481108 0.5545755
4 0.9227964 0.92855865
109 0.83387136 1.2627109
77 0.90781546 1.0303613
35 1.1178507 0.3918616
93 0.90197694 1.035442
32 1.0138716 0.6598639
3 1.3839298 -0.13484284
90 0.95658344 0.8207593
36 1.6321129 -0.5547458
13 0.8729455 1.1398528
56 1.5865256 -0.49971202
104 0.8758742 1.1615425
101 0.9945808 0.705393
58 1.0781031 0.5084567
5 1.2025945 0.19034474
88 0.9229644 0.91345847
70 1.2378731 0.082625106
37 1.2025331 0.22255766
54 1.3641573 -0.07829101
86 1.4616327 -0.322003
87 0.7807739 1.5274389
62 1.0400213 0.6210702
95 0.9373197 0.9620175
38 1.6272027 -0.5842596
72 1.0830302 0.4767133
75 0.8443072 1.2409636
19 1.6600387 -0.5483726
85 0.88944393 1.1430933
78 1.2758553 0.050672416
60 1.0009856 0.66593856
53 1.5370256 -0.43280506
33 0.82636034 1.4412353
110 2.1455715 -1.1918583
