,satisfaction
0,1
1,0
2,0
3,0
4,0
5,1
6,1
7,1
8,1
9,1
10,1
11,1
12,0
13,1
14,1
15,1
16,0
17,1
18,0
19,0
20,0
21,0
22,0
23,1
24,1
25,0
26,1
27,1
28,0
29,0
30,0
31,1
32,0
33,1
34,1
35,1
36,0
37,1
38,1
39,0
40,0
41,1
42,0
43,0
44,0
45,1
46,1
47,0
48,0
49,1
50,0
51,0
52,1
53,0
54,0
55,1
56,1
57,1
58,1
59,1
60,0
61,0
62,1
63,1
64,1
65,1
66,1
67,1
68,1
69,0
70,0
71,0
72,0
73,0
74,1
75,0
76,0
77,1
78,0
79,0
80,0
81,0
82,0
83,1
84,1
85,0
86,0
87,0
88,1
89,1
90,1
91,0
92,0
93,0
94,1
95,1
96,0
97,1
98,0
99,0
100,1
101,0
102,1
103,0
104,1
105,0
106,0
107,0
108,0
109,0
110,0
111,0
112,0
113,1
114,1
115,1
116,1
117,1
118,0
119,0
120,1
121,1
122,0
123,1
124,1
125,1
126,0
127,0
128,0
129,1
130,0
131,1
132,1
133,0
134,0
135,1
136,1
137,1
138,0
139,0
140,0
141,0
142,0
143,1
144,0
145,0
146,0
147,0
148,0
149,0
150,1
151,0
152,1
153,0
154,0
155,0
156,1
157,1
158,0
159,0
160,0
161,1
162,1
163,0
164,1
165,1
166,0
167,0
168,1
169,1
170,0
171,1
172,0
173,0
174,0
175,1
176,0
177,1
178,1
179,1
180,0
181,1
182,1
183,1
184,0
185,0
186,0
187,1
188,1
189,1
190,0
191,1
192,1
193,0
194,0
195,0
196,1
197,0
198,0
199,0
200,1
201,0
202,0
203,1
204,1
205,0
206,1
207,1
208,0
209,1
210,0
211,0
212,1
213,0
214,1
215,1
216,0
217,1
218,0
219,1
220,1
221,1
222,0
223,0
224,1
225,0
226,1
227,0
228,0
229,0
230,1
231,1
232,0
233,1
234,0
235,0
236,1
237,0
238,1
239,0
240,1
241,1
242,0
243,1
244,0
245,0
246,1
247,0
248,0
249,0
250,0
251,1
252,0
253,0
254,1
255,0
256,0
257,1
258,1
259,0
260,0
261,1
262,0
263,0
264,0
265,1
266,0
267,1
268,1
269,1
270,1
271,1
272,1
273,0
274,1
275,0
276,0
277,1
278,1
279,1
280,0
281,1
282,1
283,1
284,1
285,0
286,0
287,1
288,0
289,0
290,0
291,1
292,1
293,0
294,1
295,0
296,1
297,1
298,1
299,0
300,1
301,0
302,0
303,1
304,1
305,0
306,0
307,0
308,0
309,0
310,0
311,0
312,0
313,1
314,1
315,0
316,1
317,0
318,0
319,0
320,0
321,0
322,0
323,0
324,0
325,0
326,0
327,1
328,0
329,0
330,0
331,1
332,0
333,0
334,1
335,0
336,0
337,1
338,1
339,1
340,0
341,1
342,1
343,0
344,0
345,0
346,1
347,0
348,0
349,1
350,0
351,1
352,0
353,1
354,1
355,1
356,1
357,0
358,1
359,0
360,1
361,1
362,1
363,1
364,0
365,0
366,1
367,1
368,0
369,0
370,1
371,0
372,0
373,1
374,1
375,0
376,0
377,1
378,1
379,0
380,1
381,0
382,0
383,1
384,1
385,1
386,0
387,0
388,0
389,0
390,0
391,0
392,0
393,0
394,1
395,0
396,0
397,0
398,1
399,1
400,0
401,0
402,0
403,1
404,1
405,0
406,0
407,1
408,0
409,0
410,0
411,0
412,0
413,0
414,0
415,0
416,1
417,1
418,1
419,1
420,1
421,1
422,1
423,0
424,1
425,1
426,1
427,1
428,1
429,0
430,0
431,0
432,1
433,1
434,1
435,1
436,0
437,1
438,1
439,1
440,1
441,1
442,0
443,0
444,0
445,0
446,1
447,0
448,1
449,0
450,1
451,1
452,0
453,0
454,0
455,0
456,1
457,0
458,0
459,1
460,0
461,1
462,0
463,0
464,1
465,0
466,1
467,1
468,1
469,0
470,0
471,0
472,1
473,1
474,1
475,1
476,0
477,1
478,1
479,1
480,0
481,0
482,1
483,0
484,0
485,0
486,0
487,1
488,1
489,1
490,1
491,1
492,1
493,1
494,0
495,0
496,0
497,0
498,0
499,0
500,1
501,1
502,0
503,1
504,1
505,1
506,0
507,1
508,0
509,0
510,1
511,0
512,1
513,0
514,1
515,0
516,1
517,1
518,0
519,0
520,0
521,1
522,0
523,0
524,1
525,0
526,1
527,1
528,0
529,1
530,1
531,1
532,0
533,0
534,0
535,1
536,1
537,0
538,0
539,1
540,1
541,1
542,1
543,1
544,0
545,1
546,0
547,1
548,1
549,0
550,1
551,0
552,0
553,1
554,1
555,0
556,1
557,0
558,0
559,0
560,0
561,1
562,0
563,1
564,0
565,0
566,0
567,0
568,0
569,1
570,1
571,0
572,1
573,1
574,0
575,1
576,0
577,1
578,1
579,0
580,0
581,1
582,1
583,0
584,0
585,0
586,1
587,1
588,1
589,0
590,0
591,0
592,1
593,0
594,1
595,0
596,1
597,1
598,0
599,1
600,0
601,0
602,0
603,0
604,1
605,1
606,1
607,0
608,0
609,0
610,0
611,1
612,1
613,1
614,1
615,0
616,0
617,1
618,1
619,0
620,0
621,0
622,1
623,1
624,1
625,0
626,1
627,0
628,0
629,0
630,1
631,0
632,0
633,0
634,0
635,0
636,0
637,1
638,0
639,0
640,1
641,0
642,0
643,1
644,1
645,1
646,0
647,1
648,0
649,1
650,0
651,1
652,1
653,1
654,1
655,0
656,0
657,1
658,0
659,1
660,0
661,0
662,1
663,0
664,0
665,1
666,0
667,0
668,0
669,1
670,1
671,1
672,0
673,1
674,0
675,1
676,0
677,1
678,1
679,0
680,1
681,0
682,0
683,0
684,0
685,1
686,0
687,1
688,1
689,0
690,1
691,1
692,1
693,0
694,0
695,0
696,1
697,0
698,1
699,0
700,0
701,0
702,1
703,0
704,0
705,1
706,0
707,0
708,1
709,0
710,1
711,1
712,0
713,0
714,0
715,0
716,1
717,1
718,1
719,1
720,1
721,0
722,0
723,0
724,0
725,0
726,0
727,0
728,0
729,1
730,0
731,1
732,0
733,1
734,1
735,0
736,0
737,0
738,0
739,1
740,0
741,0
742,0
743,0
744,0
745,0
746,0
747,1
748,0
749,0
750,0
751,1
752,1
753,0
754,1
755,0
756,0
757,0
758,0
759,1
760,0
761,0
762,0
763,1
764,0
765,0
766,0
767,0
768,0
769,0
770,1
771,0
772,1
773,1
774,1
775,1
776,1
777,0
778,0
779,0
780,0
781,0
782,1
783,0
784,0
785,1
786,0
787,1
788,1
789,0
790,0
791,1
792,0
793,1
794,0
795,1
796,0
797,1
798,0
799,1
800,1
801,0
802,0
803,0
804,0
805,0
806,1
807,1
808,1
809,0
810,0
811,1
812,0
813,0
814,1
815,0
816,1
817,1
818,1
819,1
820,0
821,0
822,0
823,0
824,0
825,0
826,0
827,0
828,0
829,0
830,0
831,0
832,0
833,1
834,1
835,1
836,0
837,0
838,1
839,1
840,0
841,0
842,0
843,1
844,1
845,0
846,1
847,1
848,0
849,0
850,1
851,0
852,0
853,1
854,0
855,1
856,0
857,1
858,0
859,1
860,1
861,0
862,1
863,1
864,0
865,1
866,0
867,0
868,0
869,1
870,0
871,0
872,0
873,0
874,1
875,0
876,0
877,0
878,1
879,1
880,1
881,0
882,1
883,0
884,1
885,1
886,0
887,1
888,1
889,0
890,1
891,0
892,0
893,1
894,0
895,1
896,1
897,1
898,1
899,1
900,0
901,0
902,1
903,0
904,0
905,0
906,1
907,0
908,0
909,1
910,0
911,1
912,0
913,0
914,0
915,1
916,0
917,0
918,1
919,1
920,0
921,1
922,0
923,0
924,1
925,1
926,1
927,1
928,1
929,0
930,0
931,0
932,1
933,1
934,1
935,0
936,0
937,0
938,1
939,1
940,1
941,0
942,1
943,1
944,1
945,1
946,0
947,1
948,1
949,0
950,0
951,1
952,0
953,1
954,1
955,1
956,1
957,0
958,0
959,0
960,1
961,0
962,1
963,1
964,1
965,1
966,0
967,1
968,1
969,1
970,0
971,1
972,0
973,1
974,1
975,0
976,1
977,0
978,0
979,1
980,0
981,1
982,1
983,0
984,0
985,1
986,0
987,1
988,0
989,0
990,1
991,1
992,0
993,0
994,0
995,1
996,1
997,1
998,1
999,0
1000,1
1001,1
1002,1
1003,0
1004,1
1005,1
1006,0
1007,1
1008,1
1009,1
1010,0
1011,0
1012,0
1013,1
1014,0
1015,1
1016,0
1017,0
1018,0
1019,0
1020,0
1021,1
1022,1
1023,1
1024,1
1025,1
1026,1
1027,1
1028,1
1029,1
1030,1
1031,0
1032,1
1033,0
1034,1
1035,1
1036,0
1037,1
1038,0
1039,1
1040,0
1041,1
1042,0
1043,0
1044,1
1045,0
1046,1
1047,1
1048,1
1049,0
1050,1
1051,1
1052,0
1053,1
1054,1
1055,1
1056,1
1057,1
1058,0
1059,1
1060,1
1061,1
1062,0
1063,1
1064,1
1065,0
1066,0
1067,0
1068,1
1069,1
1070,0
1071,0
1072,1
1073,0
1074,1
1075,1
1076,0
1077,1
1078,1
1079,0
1080,0
1081,1
1082,0
1083,1
1084,1
1085,0
1086,0
1087,1
1088,1
1089,0
1090,1
1091,0
1092,0
1093,0
1094,0
1095,0
1096,0
1097,0
1098,1
1099,1
1100,1
1101,1
1102,0
1103,1
1104,0
1105,0
1106,0
1107,1
1108,0
1109,0
1110,1
1111,0
1112,0
1113,0
1114,0
1115,1
1116,1
1117,1
1118,1
1119,0
1120,0
1121,1
1122,0
1123,0
1124,0
1125,1
1126,1
1127,1
1128,0
1129,0
1130,1
1131,0
1132,1
1133,1
1134,0
1135,1
1136,0
1137,1
1138,1
1139,0
1140,0
1141,1
1142,1
1143,0
1144,1
1145,1
1146,1
1147,1
1148,0
1149,0
1150,0
1151,0
1152,0
1153,0
1154,1
1155,1
1156,0
1157,0
1158,1
1159,1
1160,1
1161,0
1162,0
1163,1
1164,1
1165,0
1166,1
1167,0
1168,1
1169,1
1170,0
1171,1
1172,1
1173,0
1174,0
1175,0
1176,1
1177,0
1178,1
1179,0
1180,1
1181,0
1182,0
1183,1
1184,0
1185,1
1186,0
1187,0
1188,1
1189,0
1190,0
1191,1
1192,1
1193,0
1194,1
1195,1
1196,0
1197,0
1198,1
1199,0
1200,1
1201,1
1202,0
1203,0
1204,1
1205,0
1206,1
1207,0
1208,0
1209,0
1210,1
1211,1
1212,0
1213,0
1214,0
1215,1
1216,0
1217,1
1218,1
1219,0
1220,1
1221,1
1222,0
1223,0
1224,0
1225,1
1226,0
1227,0
1228,1
1229,1
1230,0
1231,1
1232,1
1233,0
1234,0
1235,0
1236,0
1237,0
1238,1
1239,1
1240,1
1241,1
1242,1
1243,1
1244,1
1245,0
1246,0
1247,1
1248,0
1249,1
1250,0
1251,0
1252,1
1253,0
1254,0
1255,1
1256,0
1257,0
1258,1
1259,1
1260,0
1261,1
1262,1
1263,0
1264,0
1265,0
1266,0
1267,0
1268,1
1269,1
1270,0
1271,1
1272,1
1273,0
1274,0
1275,0
1276,0
1277,0
1278,1
1279,0
1280,1
1281,0
1282,1
1283,0
1284,1
1285,0
1286,1
1287,1
1288,1
1289,0
1290,1
1291,1
1292,0
1293,1
1294,0
1295,1
1296,0
1297,1
1298,0
1299,0
1300,0
1301,1
1302,0
1303,0
1304,0
1305,1
1306,1
1307,0
1308,0
1309,1
1310,1
1311,0
1312,0
1313,1
1314,0
1315,0
1316,1
1317,0
1318,0
1319,0
1320,0
1321,0
1322,1
1323,1
1324,1
1325,0
1326,1
1327,0
1328,0
1329,1
1330,0
1331,0
1332,0
1333,0
1334,0
1335,1
1336,1
1337,1
1338,1
1339,1
1340,0
1341,1
1342,1
1343,0
1344,0
1345,1
1346,0
1347,1
1348,0
1349,0
1350,0
1351,1
1352,1
1353,0
1354,1
1355,0
1356,1
1357,1
1358,0
1359,0
1360,0
1361,0
1362,0
1363,0
1364,0
1365,1
1366,1
1367,1
1368,0
1369,1
1370,0
1371,1
1372,1
1373,0
1374,0
1375,0
1376,0
1377,0
1378,1
1379,1
1380,0
1381,0
1382,1
1383,0
1384,1
1385,0
1386,0
1387,1
1388,1
1389,0
1390,0
1391,1
1392,1
1393,0
1394,0
1395,1
1396,0
1397,0
1398,0
1399,0
1400,0
1401,0
1402,1
1403,0
1404,1
1405,0
1406,1
1407,0
1408,1
1409,0
1410,0
1411,1
1412,0
1413,0
1414,1
1415,0
1416,0
1417,1
1418,0
1419,0
1420,0
1421,1
1422,1
1423,0
1424,0
1425,1
1426,0
1427,0
1428,0
1429,1
1430,1
1431,1
1432,0
1433,0
1434,1
1435,1
1436,1
1437,1
1438,0
1439,1
1440,0
1441,1
1442,0
1443,0
1444,1
1445,0
1446,1
1447,1
1448,1
1449,1
1450,0
1451,0
1452,0
1453,0
1454,0
1455,0
1456,0
1457,0
1458,0
1459,0
1460,0
1461,0
1462,0
1463,0
1464,0
1465,1
1466,1
1467,0
1468,0
1469,1
1470,0
1471,0
1472,1
1473,0
1474,1
1475,0
1476,0
1477,0
1478,0
1479,0
1480,1
1481,1
1482,1
1483,1
1484,0
1485,0
1486,0
1487,1
1488,1
1489,0
1490,0
1491,1
1492,1
1493,0
1494,0
1495,0
1496,0
1497,0
1498,0
1499,0
1500,1
1501,0
1502,0
1503,0
1504,0
1505,0
1506,0
1507,1
1508,0
1509,1
1510,1
1511,0
1512,0
1513,1
1514,1
1515,0
1516,1
1517,1
1518,0
1519,1
1520,0
1521,0
1522,1
1523,1
1524,1
1525,1
1526,0
1527,1
1528,0
1529,0
1530,0
1531,0
1532,0
1533,0
1534,0
1535,1
1536,1
1537,0
1538,0
1539,1
1540,1
1541,1
1542,1
1543,0
1544,0
1545,0
1546,1
1547,0
1548,0
1549,0
1550,1
1551,1
1552,1
1553,1
1554,1
1555,1
1556,1
1557,0
1558,0
1559,1
1560,1
1561,1
1562,0
1563,0
1564,0
1565,1
1566,0
1567,1
1568,0
1569,0
1570,0
1571,1
1572,1
1573,0
1574,0
1575,0
1576,1
1577,1
1578,0
1579,1
1580,0
1581,0
1582,1
1583,1
1584,0
1585,0
1586,0
1587,0
1588,1
1589,0
1590,0
1591,0
1592,1
1593,1
1594,0
1595,1
1596,0
1597,0
1598,1
1599,1
1600,1
1601,0
1602,1
1603,0
1604,1
1605,1
1606,1
1607,0
1608,1
1609,0
1610,0
1611,0
1612,0
1613,0
1614,1
1615,0
1616,0
1617,1
1618,0
1619,0
1620,1
1621,0
1622,1
1623,1
1624,1
1625,0
1626,1
1627,0
1628,1
1629,1
1630,0
1631,1
1632,0
1633,0
1634,1
1635,1
1636,0
1637,0
1638,1
1639,0
1640,0
1641,1
1642,0
1643,1
1644,1
1645,0
1646,0
1647,1
1648,0
1649,1
1650,0
1651,0
1652,0
1653,0
1654,1
1655,0
1656,1
1657,0
1658,1
1659,0
1660,0
1661,0
1662,0
1663,1
1664,1
1665,1
1666,0
1667,0
1668,0
1669,0
1670,1
1671,0
1672,1
1673,1
1674,0
1675,0
1676,0
1677,1
1678,0
1679,1
1680,1
1681,1
1682,1
1683,1
1684,0
1685,1
1686,1
1687,1
1688,0
1689,0
1690,1
1691,1
1692,0
1693,0
1694,1
1695,0
1696,0
1697,0
1698,0
1699,0
1700,0
1701,0
1702,0
1703,0
1704,1
1705,1
1706,0
1707,0
1708,0
1709,1
1710,0
1711,0
1712,0
1713,0
1714,0
1715,0
1716,1
1717,0
1718,1
1719,1
1720,0
1721,0
1722,1
1723,0
1724,0
1725,1
1726,1
1727,0
1728,0
1729,0
1730,0
1731,1
1732,0
1733,1
1734,0
1735,0
1736,0
1737,1
1738,1
1739,0
1740,0
1741,1
1742,0
1743,0
1744,0
1745,0
1746,0
1747,0
1748,1
1749,1
1750,1
1751,1
1752,0
1753,0
1754,1
1755,1
1756,1
1757,0
1758,1
1759,1
1760,0
1761,1
1762,1
1763,1
1764,0
1765,1
1766,1
1767,1
1768,0
1769,1
1770,0
1771,1
1772,0
1773,0
1774,1
1775,0
1776,0
1777,0
1778,0
1779,1
1780,0
1781,0
1782,0
1783,0
1784,0
1785,1
1786,0
1787,0
1788,0
1789,0
1790,0
1791,1
1792,0
1793,0
1794,1
1795,0
1796,1
1797,0
1798,1
1799,1
1800,0
1801,0
1802,1
1803,1
1804,1
1805,0
1806,1
1807,1
1808,0
1809,0
1810,0
1811,1
1812,0
1813,1
1814,0
1815,0
1816,1
1817,0
1818,0
1819,0
1820,1
1821,0
1822,0
1823,1
1824,0
1825,1
1826,1
1827,0
1828,0
1829,0
1830,0
1831,1
1832,1
1833,0
1834,0
1835,0
1836,0
1837,0
1838,1
1839,0
1840,0
1841,1
1842,0
1843,0
1844,1
1845,1
1846,0
1847,0
1848,1
1849,0
1850,0
1851,0
1852,1
1853,1
1854,1
1855,0
1856,1
1857,0
1858,1
1859,0
1860,1
1861,1
1862,0
1863,0
1864,1
1865,0
1866,1
1867,1
1868,0
1869,0
1870,0
1871,0
1872,0
1873,0
1874,1
1875,1
1876,0
1877,1
1878,0
1879,0
1880,1
1881,1
1882,0
1883,1
1884,1
1885,1
1886,0
1887,1
1888,0
1889,1
1890,0
1891,0
1892,0
1893,0
1894,1
1895,0
1896,0
1897,1
1898,0
1899,1
1900,0
1901,1
1902,1
1903,1
1904,1
1905,1
1906,0
1907,1
1908,1
1909,0
1910,0
1911,1
1912,1
1913,1
1914,1
1915,0
1916,0
1917,0
1918,0
1919,0
1920,0
1921,0
1922,0
1923,0
1924,1
1925,0
1926,1
1927,1
1928,1
1929,1
1930,0
1931,0
1932,1
1933,0
1934,1
1935,0
1936,1
1937,1
1938,0
1939,1
1940,0
1941,1
1942,1
1943,0
1944,0
1945,0
1946,1
1947,0
1948,0
1949,0
1950,0
1951,1
1952,0
1953,1
1954,0
1955,0
1956,0
1957,0
1958,0
1959,0
1960,0
1961,1
1962,0
1963,1
1964,1
1965,0
1966,1
1967,1
1968,0
1969,0
1970,1
1971,1
1972,1
1973,1
1974,0
1975,1
1976,0
1977,1
1978,1
1979,0
1980,0
1981,0
1982,1
1983,1
1984,0
1985,1
1986,0
1987,1
1988,0
1989,1
1990,1
1991,1
1992,0
1993,1
1994,0
1995,1
1996,0
1997,0
1998,1
1999,0
2000,1
2001,1
2002,1
2003,0
2004,1
2005,1
2006,1
2007,0
2008,0
2009,0
2010,1
2011,0
2012,1
2013,0
2014,0
2015,1
2016,0
2017,0
2018,0
2019,0
2020,1
2021,1
2022,1
2023,1
2024,0
2025,1
2026,0
2027,0
2028,0
2029,0
2030,0
2031,0
2032,0
2033,1
2034,1
2035,0
2036,1
2037,0
2038,0
2039,1
2040,1
2041,1
2042,0
2043,1
2044,0
2045,0
2046,1
2047,0
2048,1
2049,0
2050,1
2051,0
2052,1
2053,1
2054,1
2055,0
2056,1
2057,0
2058,1
2059,0
2060,1
2061,1
2062,0
2063,1
2064,0
2065,1
2066,0
2067,1
2068,1
2069,0
2070,1
2071,0
2072,1
2073,1
2074,0
2075,0
2076,0
2077,1
2078,0
2079,1
2080,1
2081,0
2082,1
2083,0
2084,1
2085,0
2086,1
2087,1
2088,1
2089,1
2090,0
2091,0
2092,0
2093,0
2094,0
2095,1
2096,1
2097,1
2098,0
2099,1
2100,1
2101,1
2102,0
2103,1
2104,1
2105,0
2106,1
2107,1
2108,1
2109,0
2110,1
2111,0
2112,0
2113,0
2114,0
2115,1
2116,0
2117,0
2118,0
2119,0
2120,1
2121,1
2122,0
2123,0
2124,1
2125,0
2126,0
2127,0
2128,0
2129,0
2130,0
2131,1
2132,1
2133,0
2134,0
2135,1
2136,0
2137,0
2138,0
2139,1
2140,0
2141,1
2142,0
2143,1
2144,0
2145,1
2146,0
2147,1
2148,0
2149,0
2150,1
2151,0
2152,0
2153,1
2154,0
2155,0
2156,0
2157,1
2158,1
2159,0
2160,0
2161,0
2162,1
2163,1
2164,0
2165,0
2166,0
2167,1
2168,1
2169,0
2170,0
2171,1
2172,0
2173,0
2174,1
2175,0
2176,0
2177,0
2178,0
2179,1
2180,0
2181,0
2182,0
2183,1
2184,0
2185,0
2186,1
2187,0
2188,0
2189,1
2190,1
2191,1
2192,0
2193,0
2194,0
2195,0
2196,0
2197,0
2198,0
2199,1
2200,0
2201,0
2202,1
2203,0
2204,0
2205,0
2206,0
2207,1
2208,0
2209,0
2210,1
2211,0
2212,0
2213,0
2214,0
2215,1
2216,1
2217,0
2218,0
2219,1
2220,1
2221,1
2222,0
2223,0
2224,1
2225,0
2226,0
2227,1
2228,0
2229,0
2230,0
2231,0
2232,0
2233,0
2234,1
2235,1
2236,1
2237,0
2238,1
2239,1
2240,0
2241,0
2242,1
2243,0
2244,0
2245,1
2246,1
2247,0
2248,0
2249,0
2250,1
2251,0
2252,1
2253,0
2254,0
2255,1
2256,1
2257,0
2258,1
2259,1
2260,1
2261,1
2262,0
2263,0
2264,1
2265,1
2266,1
2267,1
2268,1
2269,0
2270,1
2271,0
2272,0
2273,0
2274,1
2275,1
2276,1
2277,0
2278,1
2279,0
2280,1
2281,1
2282,0
2283,0
2284,0
2285,0
2286,0
2287,0
2288,1
2289,1
2290,0
2291,0
2292,1
2293,1
2294,0
2295,1
2296,0
2297,0
2298,1
2299,0
2300,0
2301,0
2302,0
2303,0
2304,0
2305,0
2306,0
2307,0
2308,1
2309,0
2310,0
2311,0
2312,1
2313,0
2314,0
2315,1
2316,1
2317,1
2318,0
2319,1
2320,1
2321,1
2322,1
2323,1
2324,0
2325,0
2326,1
2327,1
2328,0
2329,0
2330,0
2331,0
2332,0
2333,0
2334,1
2335,1
2336,0
2337,0
2338,1
2339,0
2340,0
2341,1
2342,1
2343,1
2344,0
2345,0
2346,1
2347,0
2348,1
2349,1
2350,1
2351,1
2352,0
2353,1
2354,1
2355,1
2356,0
2357,1
2358,0
2359,0
2360,1
2361,0
2362,0
2363,0
2364,0
2365,1
2366,0
2367,0
2368,1
2369,1
2370,0
2371,1
2372,1
2373,1
2374,0
2375,1
2376,0
2377,0
2378,0
2379,0
2380,0
2381,0
2382,0
2383,0
2384,0
2385,0
2386,0
2387,1
2388,1
2389,0
2390,1
2391,1
2392,1
2393,1
2394,0
2395,0
2396,1
2397,0
2398,1
2399,0
2400,1
2401,1
2402,1
2403,1
2404,0
2405,0
2406,0
2407,0
2408,0
2409,0
2410,0
2411,1
2412,0
2413,1
2414,0
2415,0
2416,0
2417,0
2418,1
2419,0
2420,0
2421,0
2422,1
2423,1
2424,0
2425,1
2426,0
2427,0
2428,0
2429,0
2430,0
2431,1
2432,0
2433,0
2434,0
2435,1
2436,1
2437,0
2438,0
2439,0
2440,0
2441,0
2442,0
2443,1
2444,0
2445,1
2446,1
2447,0
2448,0
2449,1
2450,1
2451,1
2452,0
2453,1
2454,0
2455,0
2456,0
2457,0
2458,0
2459,0
2460,1
2461,0
2462,0
2463,0
2464,0
2465,0
2466,0
2467,1
2468,1
2469,0
2470,1
2471,1
2472,0
2473,1
2474,0
2475,0
2476,1
2477,1
2478,1
2479,1
2480,1
2481,1
2482,1
2483,0
2484,1
2485,0
2486,0
2487,0
2488,1
2489,1
2490,1
2491,0
2492,0
2493,0
2494,0
2495,1
2496,0
2497,0
2498,0
2499,1
2500,0
2501,0
2502,1
2503,1
2504,1
2505,1
2506,1
2507,0
2508,0
2509,0
2510,0
2511,1
2512,1
2513,1
2514,1
2515,0
2516,0
2517,0
2518,0
2519,0
2520,0
2521,0
2522,1
2523,0
2524,0
2525,1
2526,0
2527,1
2528,0
2529,0
2530,0
2531,0
2532,1
2533,0
2534,1
2535,0
2536,1
2537,0
2538,1
2539,0
2540,0
2541,0
2542,0
2543,0
2544,0
2545,1
2546,1
2547,0
2548,0
2549,0
2550,0
2551,1
2552,0
2553,1
2554,0
2555,0
2556,0
2557,1
2558,1
2559,1
2560,1
2561,0
2562,1
2563,0
2564,1
2565,0
2566,1
2567,1
2568,1
2569,0
2570,0
2571,0
2572,0
2573,1
2574,1
2575,0
2576,0
2577,0
2578,0
2579,0
2580,0
2581,0
2582,1
2583,1
2584,1
2585,1
2586,0
2587,1
2588,1
2589,0
2590,0
2591,1
2592,0
2593,1
2594,1
2595,0
2596,0
2597,1
2598,0
2599,1
2600,0
2601,0
2602,0
2603,0
2604,0
2605,0
2606,0
2607,1
2608,1
2609,1
2610,1
2611,0
2612,1
2613,1
2614,0
2615,1
2616,1
2617,1
2618,1
2619,0
2620,1
2621,0
2622,0
2623,0
2624,0
2625,1
2626,0
2627,0
2628,0
2629,1
2630,0
2631,1
2632,0
2633,0
2634,0
2635,0
2636,1
2637,1
2638,0
2639,1
2640,1
2641,0
2642,0
2643,1
2644,1
2645,0
2646,1
2647,1
2648,0
2649,0
2650,1
2651,0
2652,0
2653,0
2654,0
2655,0
2656,0
2657,0
2658,1
2659,0
2660,0
2661,1
2662,0
2663,1
2664,0
2665,0
2666,0
2667,0
2668,0
2669,1
2670,1
2671,0
2672,0
2673,0
2674,1
2675,1
2676,1
2677,0
2678,0
2679,0
2680,1
2681,1
2682,1
2683,0
2684,0
2685,1
2686,1
2687,0
2688,1
2689,1
2690,1
2691,0
2692,1
2693,1
2694,1
2695,1
2696,1
2697,1
2698,1
2699,0
2700,1
2701,0
2702,1
2703,0
2704,1
2705,0
2706,1
2707,1
2708,1
2709,0
2710,1
2711,1
2712,1
2713,1
2714,1
2715,1
2716,0
2717,1
2718,0
2719,1
2720,1
2721,1
2722,1
2723,0
2724,1
2725,0
2726,0
2727,1
2728,0
2729,1
2730,0
2731,1
2732,0
2733,1
2734,0
2735,0
2736,1
2737,0
2738,0
2739,0
2740,1
2741,0
2742,1
2743,1
2744,0
2745,1
2746,0
2747,1
2748,1
2749,1
2750,1
2751,0
2752,0
2753,0
2754,0
2755,1
2756,1
2757,1
2758,1
2759,0
2760,0
2761,0
2762,1
2763,0
2764,0
2765,0
2766,0
2767,0
2768,0
2769,1
2770,1
2771,0
2772,0
2773,0
2774,0
2775,1
2776,1
2777,0
2778,0
2779,0
2780,1
2781,0
2782,1
2783,0
2784,1
2785,0
2786,1
2787,0
2788,1
2789,1
2790,0
2791,0
2792,0
2793,0
2794,1
2795,1
2796,1
2797,0
2798,0
2799,0
2800,1
2801,1
2802,0
2803,1
2804,1
2805,1
2806,1
2807,1
2808,0
2809,1
2810,1
2811,1
2812,0
2813,0
2814,1
2815,0
2816,0
2817,0
2818,1
2819,0
2820,0
2821,0
2822,1
2823,1
2824,0
2825,1
2826,0
2827,1
2828,0
2829,0
2830,1
2831,0
2832,1
2833,1
2834,0
2835,0
2836,1
2837,1
2838,1
2839,1
2840,0
2841,0
2842,0
2843,1
2844,0
2845,1
2846,0
2847,0
2848,0
2849,0
2850,1
2851,1
2852,1
2853,1
2854,0
2855,0
2856,0
2857,1
2858,0
2859,1
2860,1
2861,0
2862,1
2863,0
2864,1
2865,0
2866,0
2867,1
2868,0
2869,0
2870,0
2871,0
2872,0
2873,0
2874,1
2875,1
2876,0
2877,1
2878,1
2879,0
2880,0
2881,0
2882,1
2883,1
2884,0
2885,1
2886,0
2887,1
2888,0
2889,0
2890,0
2891,1
2892,0
2893,0
2894,1
2895,1
2896,1
2897,0
2898,0
2899,1
2900,1
2901,1
2902,1
2903,1
2904,0
2905,0
2906,0
2907,1
2908,1
2909,0
2910,0
2911,1
2912,0
2913,0
2914,0
2915,0
2916,0
2917,1
2918,0
2919,1
2920,1
2921,0
2922,0
2923,0
2924,0
2925,0
2926,1
2927,0
2928,1
2929,1
2930,1
2931,1
2932,1
2933,0
2934,1
2935,1
2936,0
2937,1
2938,0
2939,0
2940,0
2941,0
2942,0
2943,0
2944,1
2945,1
2946,0
2947,1
2948,0
2949,1
2950,0
2951,1
2952,0
2953,1
2954,1
2955,0
2956,0
2957,1
2958,0
2959,0
2960,0
2961,1
2962,0
2963,1
2964,1
2965,0
2966,0
2967,0
2968,0
2969,0
2970,0
2971,0
2972,1
2973,1
2974,1
2975,0
2976,1
2977,1
2978,1
2979,0
2980,0
2981,0
2982,0
2983,1
2984,1
2985,0
2986,0
2987,1
2988,1
2989,0
2990,0
2991,0
2992,0
2993,0
2994,0
2995,0
2996,0
2997,1
2998,1
2999,1
3000,0
3001,0
3002,0
3003,0
3004,1
3005,1
3006,1
3007,0
3008,0
3009,0
3010,0
3011,1
3012,0
3013,0
3014,0
3015,1
3016,0
3017,1
3018,0
3019,1
3020,1
3021,0
3022,0
3023,0
3024,1
3025,0
3026,0
3027,0
3028,1
3029,1
3030,0
3031,1
3032,0
3033,0
3034,1
3035,0
3036,1
3037,0
3038,0
3039,0
3040,0
3041,0
3042,0
3043,0
3044,0
3045,0
3046,1
3047,1
3048,1
3049,0
3050,0
3051,0
3052,1
3053,0
3054,1
3055,1
3056,0
3057,1
3058,0
3059,1
3060,1
3061,1
3062,0
3063,0
3064,1
3065,0
3066,0
3067,0
3068,0
3069,0
3070,0
3071,0
3072,1
3073,0
3074,0
3075,1
3076,0
3077,0
3078,0
3079,1
3080,0
3081,0
3082,1
3083,1
3084,1
3085,0
3086,1
3087,0
3088,0
3089,0
3090,0
3091,0
3092,1
3093,0
3094,1
3095,1
3096,0
3097,0
3098,1
3099,1
3100,1
3101,1
3102,0
3103,0
3104,1
3105,1
3106,0
3107,0
3108,0
3109,0
3110,0
3111,1
3112,1
3113,0
3114,0
3115,0
3116,0
3117,1
3118,1
3119,1
3120,0
3121,0
3122,1
3123,0
3124,1
3125,0
3126,1
3127,0
3128,0
3129,1
3130,1
3131,0
3132,1
3133,0
3134,0
3135,0
3136,0
3137,0
3138,1
3139,1
3140,1
3141,0
3142,1
3143,1
3144,0
3145,0
3146,0
3147,0
3148,1
3149,0
3150,0
3151,0
3152,0
3153,1
3154,1
3155,1
3156,1
3157,1
3158,0
3159,0
3160,0
3161,1
3162,0
3163,0
3164,1
3165,0
3166,0
3167,0
3168,0
3169,0
3170,0
3171,0
3172,1
3173,0
3174,0
3175,0
3176,0
3177,0
3178,0
3179,1
3180,0
3181,1
3182,0
3183,0
3184,1
3185,1
3186,0
3187,1
3188,0
3189,0
3190,0
3191,0
3192,0
3193,1
3194,0
3195,1
3196,0
3197,0
3198,1
3199,0
3200,0
3201,1
3202,0
3203,1
3204,0
3205,0
3206,0
3207,0
3208,0
3209,0
3210,0
3211,0
3212,1
3213,0
3214,1
3215,1
3216,1
3217,1
3218,0
3219,1
3220,1
3221,0
3222,1
3223,0
3224,1
3225,0
3226,1
3227,0
3228,1
3229,1
3230,1
3231,0
3232,0
3233,0
3234,0
3235,1
3236,0
3237,1
3238,1
3239,0
3240,0
3241,0
3242,0
3243,0
3244,1
3245,1
3246,0
3247,1
3248,0
3249,0
3250,0
3251,1
3252,1
3253,0
3254,0
3255,0
3256,1
3257,1
3258,0
3259,1
3260,0
3261,0
3262,0
3263,1
3264,0
3265,1
3266,0
3267,0
3268,0
3269,0
3270,0
3271,1
3272,1
3273,0
3274,0
3275,0
3276,0
3277,1
3278,0
3279,1
3280,1
3281,0
3282,1
3283,0
3284,1
3285,0
3286,0
3287,0
3288,0
3289,1
3290,1
3291,0
3292,0
3293,0
3294,0
3295,1
3296,0
3297,1
3298,0
3299,1
3300,0
3301,0
3302,1
3303,0
3304,1
3305,1
3306,1
3307,0
3308,0
3309,0
3310,1
3311,0
3312,1
3313,1
3314,1
3315,0
3316,0
3317,1
3318,0
3319,0
3320,0
3321,0
3322,0
3323,0
3324,0
3325,1
3326,1
3327,0
3328,0
3329,1
3330,0
3331,0
3332,1
3333,0
3334,1
3335,0
3336,0
3337,1
3338,1
3339,1
3340,0
3341,1
3342,1
3343,0
3344,0
3345,1
3346,1
3347,0
3348,0
3349,0
3350,1
3351,1
3352,1
3353,1
3354,1
3355,1
3356,0
3357,1
3358,0
3359,1
3360,1
3361,1
3362,0
3363,0
3364,1
3365,1
3366,0
3367,0
3368,1
3369,0
3370,0
3371,0
3372,1
3373,0
3374,1
3375,1
3376,0
3377,1
3378,1
3379,1
3380,0
3381,0
3382,0
3383,1
3384,0
3385,0
3386,1
3387,1
3388,0
3389,0
3390,0
3391,0
3392,0
3393,0
3394,1
3395,0
3396,1
3397,0
3398,0
3399,0
3400,0
3401,1
3402,1
3403,0
3404,0
3405,0
3406,0
3407,0
3408,1
3409,0
3410,1
3411,0
3412,1
3413,0
3414,1
3415,1
3416,1
3417,0
3418,0
3419,0
3420,0
3421,1
3422,1
3423,0
3424,0
3425,0
3426,1
3427,0
3428,1
3429,0
3430,1
3431,1
3432,1
3433,1
3434,0
3435,1
3436,0
3437,0
3438,1
3439,0
3440,0
3441,0
3442,1
3443,0
3444,0
3445,1
3446,1
3447,1
3448,1
3449,0
3450,1
3451,1
3452,1
3453,0
3454,0
3455,0
3456,1
3457,0
3458,0
3459,1
3460,1
3461,0
3462,1
3463,0
3464,1
3465,1
3466,1
3467,0
3468,0
3469,0
3470,1
3471,0
3472,0
3473,0
3474,0
3475,0
3476,1
3477,0
3478,0
3479,0
3480,1
3481,0
3482,1
3483,0
3484,0
3485,1
3486,0
3487,0
3488,1
3489,0
3490,1
3491,0
3492,0
3493,0
3494,1
3495,0
3496,0
3497,1
3498,0
3499,0
3500,0
3501,1
3502,0
3503,0
3504,0
3505,1
3506,0
3507,1
3508,1
3509,0
3510,0
3511,0
3512,1
3513,0
3514,0
3515,0
3516,1
3517,1
3518,1
3519,1
3520,1
3521,0
3522,0
3523,1
3524,0
3525,1
3526,1
3527,0
3528,1
3529,1
3530,0
3531,0
3532,1
3533,0
3534,1
3535,0
3536,1
3537,1
3538,1
3539,0
3540,0
3541,0
3542,1
3543,0
3544,0
3545,1
3546,0
3547,1
3548,0
3549,1
3550,0
3551,1
3552,0
3553,1
3554,1
3555,0
3556,0
3557,1
3558,1
3559,0
3560,0
3561,1
3562,1
3563,1
3564,0
3565,0
3566,0
3567,0
3568,0
3569,1
3570,0
3571,0
3572,1
3573,0
3574,1
3575,0
3576,1
3577,1
3578,1
3579,0
3580,1
3581,0
3582,0
3583,0
3584,0
3585,1
3586,1
3587,1
3588,1
3589,0
3590,0
3591,1
3592,1
3593,0
3594,0
3595,1
3596,1
3597,0
3598,1
3599,0
3600,0
3601,0
3602,0
3603,1
3604,1
3605,0
3606,0
3607,1
3608,0
3609,0
3610,0
3611,0
3612,1
3613,1
3614,0
3615,0
3616,0
3617,1
3618,0
3619,1
3620,1
3621,0
3622,0
3623,1
3624,0
3625,0
3626,1
3627,0
3628,0
3629,0
3630,0
3631,1
3632,1
3633,1
3634,0
3635,1
3636,1
3637,1
3638,1
3639,1
3640,1
3641,1
3642,0
3643,0
3644,0
3645,1
3646,0
3647,1
3648,1
3649,0
3650,0
3651,0
3652,0
3653,0
3654,1
3655,1
3656,1
3657,0
3658,0
3659,1
3660,0
3661,0
3662,1
3663,0
3664,0
3665,0
3666,1
3667,0
3668,1
3669,1
3670,0
3671,0
3672,0
3673,1
3674,0
3675,0
3676,0
3677,1
3678,1
3679,0
3680,0
3681,0
3682,1
3683,0
3684,1
3685,1
3686,1
3687,0
3688,1
3689,0
3690,0
3691,0
3692,1
3693,1
3694,1
3695,1
3696,1
3697,0
3698,0
3699,0
3700,0
3701,0
3702,1
3703,0
3704,0
3705,1
3706,1
3707,0
3708,0
3709,0
3710,1
3711,1
3712,0
3713,1
3714,0
3715,0
3716,0
3717,0
3718,1
3719,1
3720,1
3721,1
3722,0
3723,0
3724,1
3725,0
3726,0
3727,0
3728,0
3729,1
3730,1
3731,1
3732,0
3733,1
3734,0
3735,1
3736,1
3737,0
3738,1
3739,1
3740,0
3741,0
3742,1
3743,0
3744,0
3745,0
3746,0
3747,0
3748,0
3749,0
3750,1
3751,1
3752,0
3753,0
3754,0
3755,1
3756,1
3757,1
3758,0
3759,1
3760,0
3761,0
3762,0
3763,0
3764,0
3765,1
3766,0
3767,0
3768,1
3769,1
3770,0
3771,0
3772,0
3773,1
3774,0
3775,1
3776,1
3777,1
3778,0
3779,0
3780,0
3781,0
3782,0
3783,0
3784,0
3785,1
3786,0
3787,1
3788,1
3789,0
3790,0
3791,0
3792,1
3793,1
3794,1
3795,1
3796,0
3797,1
3798,0
3799,1
3800,0
3801,1
3802,1
3803,1
3804,1
3805,0
3806,0
3807,0
3808,1
3809,0
3810,1
3811,1
3812,1
3813,0
3814,1
3815,1
3816,0
3817,1
3818,1
3819,0
3820,0
3821,1
3822,0
3823,1
3824,0
3825,0
3826,1
3827,1
3828,0
3829,0
3830,0
3831,0
3832,0
3833,0
3834,1
3835,1
3836,1
3837,1
3838,0
3839,0
3840,1
3841,0
3842,1
3843,1
3844,0
3845,0
3846,1
3847,1
3848,1
3849,0
3850,0
3851,0
3852,0
3853,0
3854,0
3855,0
3856,0
3857,0
3858,0
3859,1
3860,0
3861,0
3862,0
3863,1
3864,1
3865,1
3866,0
3867,0
3868,1
3869,0
3870,0
3871,1
3872,1
3873,0
3874,0
3875,0
3876,0
3877,0
3878,1
3879,1
3880,0
3881,0
3882,1
3883,0
3884,0
3885,0
3886,1
3887,0
3888,0
3889,0
3890,1
3891,0
3892,1
3893,0
3894,0
3895,0
3896,0
3897,0
3898,0
3899,0
3900,1
3901,1
3902,1
3903,1
3904,0
3905,1
3906,0
3907,1
3908,0
3909,0
3910,0
3911,1
3912,1
3913,0
3914,0
3915,1
3916,1
3917,0
3918,0
3919,1
3920,0
3921,0
3922,1
3923,1
3924,0
3925,1
3926,0
3927,1
3928,1
3929,0
3930,0
3931,0
3932,1
3933,1
3934,0
3935,1
3936,1
3937,0
3938,1
3939,1
3940,1
3941,1
3942,1
3943,0
3944,1
3945,0
3946,1
3947,0
3948,0
3949,1
3950,1
3951,1
3952,1
3953,1
3954,0
3955,0
3956,1
3957,0
3958,0
3959,1
3960,0
3961,1
3962,1
3963,1
3964,1
3965,0
3966,0
3967,0
3968,1
3969,0
3970,1
3971,0
3972,0
3973,0
3974,1
3975,0
3976,0
3977,0
3978,0
3979,0
3980,1
3981,1
3982,0
3983,0
3984,0
3985,0
3986,0
3987,0
3988,0
3989,0
3990,1
3991,0
3992,0
3993,1
3994,0
3995,1
3996,1
3997,1
3998,1
3999,1
4000,1
4001,1
4002,1
4003,1
4004,1
4005,0
4006,0
4007,1
4008,1
4009,0
4010,0
4011,0
4012,0
4013,0
4014,1
4015,1
4016,0
4017,1
4018,0
4019,0
4020,0
4021,0
4022,0
4023,1
4024,0
4025,0
4026,0
4027,0
4028,0
4029,0
4030,1
4031,1
4032,1
4033,0
4034,1
4035,0
4036,0
4037,1
4038,1
4039,1
4040,0
4041,1
4042,1
4043,1
4044,0
4045,0
4046,0
4047,1
4048,1
4049,0
4050,0
4051,0
4052,1
4053,0
4054,0
4055,1
4056,1
4057,0
4058,0
4059,0
4060,1
4061,1
4062,1
4063,1
4064,1
4065,0
4066,0
4067,1
4068,1
4069,0
4070,1
4071,1
4072,0
4073,1
4074,1
4075,1
4076,0
4077,1
4078,1
4079,1
4080,1
4081,1
4082,0
4083,1
4084,1
4085,1
4086,1
4087,0
4088,0
4089,0
4090,0
4091,0
4092,1
4093,1
4094,1
4095,1
4096,0
4097,1
4098,1
4099,1
4100,1
4101,1
4102,1
4103,1
4104,0
4105,0
4106,0
4107,1
4108,1
4109,0
4110,0
4111,0
4112,1
4113,1
4114,0
4115,0
4116,1
4117,1
4118,1
4119,0
4120,1
4121,0
4122,0
4123,0
4124,1
4125,0
4126,1
4127,0
4128,1
4129,1
4130,0
4131,1
4132,0
4133,0
4134,0
4135,1
4136,1
4137,1
4138,1
4139,1
4140,0
4141,1
4142,1
4143,0
4144,0
4145,0
4146,0
4147,1
4148,0
4149,1
4150,1
4151,1
4152,1
4153,1
4154,0
4155,0
4156,1
4157,1
4158,1
4159,0
4160,0
4161,0
4162,0
4163,1
4164,1
4165,1
4166,1
4167,1
4168,1
4169,0
4170,1
4171,1
4172,1
4173,0
4174,0
4175,1
4176,0
4177,0
4178,1
4179,0
4180,0
4181,1
4182,1
4183,0
4184,0
4185,0
4186,0
4187,0
4188,0
4189,1
4190,0
4191,1
4192,0
4193,1
4194,1
4195,0
4196,1
4197,0
4198,0
4199,1
4200,0
4201,0
4202,1
4203,1
4204,0
4205,0
4206,0
4207,0
4208,0
4209,0
4210,1
4211,0
4212,0
4213,0
4214,0
4215,0
4216,1
4217,0
4218,0
4219,1
4220,0
4221,0
4222,1
4223,0
4224,0
4225,1
4226,1
4227,1
4228,1
4229,1
4230,1
4231,0
4232,0
4233,0
4234,0
4235,0
4236,1
4237,1
4238,0
4239,0
4240,1
4241,1
4242,0
4243,1
4244,1
4245,0
4246,0
4247,0
4248,1
4249,0
4250,1
4251,0
4252,0
4253,0
4254,0
4255,1
4256,0
4257,0
4258,0
4259,0
4260,0
4261,1
4262,0
4263,0
4264,0
4265,1
4266,1
4267,0
4268,1
4269,1
4270,0
4271,1
4272,0
4273,1
4274,0
4275,1
4276,1
4277,1
4278,0
4279,0
4280,1
4281,0
4282,0
4283,0
4284,0
4285,0
4286,0
4287,1
4288,0
4289,1
4290,0
4291,1
4292,0
4293,1
4294,1
4295,0
4296,0
4297,1
4298,0
4299,1
4300,1
4301,1
4302,0
4303,1
4304,0
4305,1
4306,0
4307,0
4308,1
4309,1
4310,0
4311,1
4312,1
4313,0
4314,0
4315,1
4316,1
4317,1
4318,0
4319,1
4320,1
4321,1
4322,0
4323,0
4324,1
4325,1
4326,1
4327,0
4328,0
4329,1
4330,0
4331,0
4332,1
4333,0
4334,1
4335,0
4336,0
4337,0
4338,0
4339,1
4340,0
4341,0
4342,1
4343,0
4344,1
4345,1
4346,0
4347,0
4348,0
4349,1
4350,0
4351,1
4352,1
4353,1
4354,0
4355,0
4356,0
4357,0
4358,0
4359,0
4360,0
4361,0
4362,1
4363,1
4364,1
4365,0
4366,0
4367,0
4368,0
4369,0
4370,0
4371,1
4372,0
4373,0
4374,0
4375,1
4376,0
4377,0
4378,0
4379,1
4380,1
4381,0
4382,1
4383,0
4384,0
4385,0
4386,1
4387,0
4388,0
4389,1
4390,1
4391,0
4392,1
4393,0
4394,0
4395,1
4396,1
4397,1
4398,0
4399,1
4400,0
4401,0
4402,1
4403,0
4404,1
4405,1
4406,1
4407,1
4408,1
4409,0
4410,0
4411,1
4412,1
4413,0
4414,0
4415,0
4416,0
4417,1
4418,0
4419,1
4420,0
4421,1
4422,1
4423,0
4424,1
4425,0
4426,0
4427,0
4428,1
4429,0
4430,0
4431,1
4432,1
4433,0
4434,1
4435,1
4436,0
4437,0
4438,1
4439,0
4440,0
4441,1
4442,0
4443,0
4444,0
4445,1
4446,1
4447,1
4448,1
4449,0
4450,1
4451,0
4452,0
4453,0
4454,1
4455,0
4456,0
4457,0
4458,0
4459,0
4460,1
4461,0
4462,1
4463,1
4464,1
4465,1
4466,0
4467,1
4468,1
4469,1
4470,0
4471,0
4472,0
4473,0
4474,1
4475,1
4476,0
4477,1
4478,0
4479,1
4480,1
4481,0
4482,0
4483,1
4484,1
4485,0
4486,0
4487,1
4488,0
4489,0
4490,0
4491,1
4492,0
4493,0
4494,0
4495,0
4496,0
4497,1
4498,0
4499,0
4500,0
4501,1
4502,1
4503,0
4504,0
4505,0
4506,1
4507,0
4508,0
4509,1
4510,0
4511,1
4512,0
4513,1
4514,0
4515,1
4516,1
4517,0
4518,1
4519,1
4520,0
4521,0
4522,0
4523,0
4524,0
4525,0
4526,1
4527,0
4528,0
4529,0
4530,1
4531,0
4532,0
4533,1
4534,0
4535,0
4536,1
4537,1
4538,0
4539,0
4540,0
4541,1
4542,0
4543,0
4544,0
4545,0
4546,0
4547,0
4548,0
4549,1
4550,1
4551,0
4552,0
4553,1
4554,0
4555,0
4556,1
4557,0
4558,1
4559,1
4560,0
4561,0
4562,1
4563,0
4564,1
4565,0
4566,0
4567,0
4568,1
4569,0
4570,1
4571,0
4572,1
4573,0
4574,0
4575,0
4576,0
4577,0
4578,0
4579,0
4580,0
4581,0
4582,0
4583,0
4584,1
4585,0
4586,1
4587,0
4588,0
4589,0
4590,0
4591,1
4592,1
4593,0
4594,0
4595,1
4596,1
4597,0
4598,0
4599,0
4600,0
4601,0
4602,0
4603,0
4604,1
4605,0
4606,1
4607,1
4608,0
4609,0
4610,1
4611,0
4612,1
4613,0
4614,0
4615,0
4616,1
4617,1
4618,0
4619,1
4620,1
4621,1
4622,0
4623,0
4624,1
4625,1
4626,0
4627,0
4628,0
4629,0
4630,1
4631,1
4632,0
4633,1
4634,1
4635,1
4636,1
4637,1
4638,1
4639,0
4640,1
4641,0
4642,1
4643,1
4644,0
4645,1
4646,0
4647,0
4648,1
4649,1
4650,0
4651,0
4652,1
4653,1
4654,1
4655,1
4656,0
4657,0
4658,1
4659,0
4660,1
4661,0
4662,1
4663,0
4664,0
4665,1
4666,0
4667,0
4668,0
4669,0
4670,0
4671,1
4672,0
4673,1
4674,0
4675,0
4676,0
4677,1
4678,1
4679,0
4680,1
4681,1
4682,1
4683,1
4684,1
4685,0
4686,1
4687,1
4688,0
4689,0
4690,0
4691,0
4692,0
4693,1
4694,0
4695,1
4696,1
4697,1
4698,0
4699,1
4700,1
4701,0
4702,0
4703,0
4704,0
4705,1
4706,0
4707,0
4708,0
4709,1
4710,1
4711,1
4712,0
4713,0
4714,1
4715,1
4716,1
4717,0
4718,0
4719,1
4720,1
4721,1
4722,1
4723,0
4724,0
4725,0
4726,1
4727,0
4728,0
4729,0
4730,0
4731,1
4732,0
4733,1
4734,0
4735,0
4736,1
4737,0
4738,0
4739,0
4740,0
4741,0
4742,0
4743,0
4744,1
4745,0
4746,0
4747,1
4748,0
4749,0
4750,0
4751,1
4752,0
4753,1
4754,0
4755,0
4756,0
4757,0
4758,0
4759,0
4760,1
4761,0
4762,1
4763,0
4764,0
4765,1
4766,0
4767,0
4768,1
4769,0
4770,1
4771,0
4772,1
4773,1
4774,0
4775,0
4776,1
4777,1
4778,0
4779,1
4780,0
4781,1
4782,1
4783,1
4784,1
4785,0
4786,0
4787,0
4788,0
4789,0
4790,0
4791,0
4792,0
4793,0
4794,1
4795,1
4796,1
4797,0
4798,1
4799,0
4800,1
4801,0
4802,0
4803,0
4804,1
4805,1
4806,0
4807,1
4808,1
4809,0
4810,0
4811,0
4812,0
4813,1
4814,1
4815,1
4816,0
4817,0
4818,0
4819,1
4820,0
4821,1
4822,0
4823,0
4824,0
4825,0
4826,0
4827,1
4828,0
4829,0
4830,1
4831,1
4832,1
4833,0
4834,0
4835,0
4836,1
4837,0
4838,0
4839,0
4840,0
4841,1
4842,0
4843,1
4844,1
4845,0
4846,0
4847,0
4848,1
4849,0
4850,0
4851,1
4852,1
4853,0
4854,0
4855,0
4856,1
4857,1
4858,1
4859,0
4860,1
4861,0
4862,0
4863,1
4864,1
4865,1
4866,0
4867,0
4868,0
4869,1
4870,0
4871,0
4872,0
4873,0
4874,0
4875,0
4876,1
4877,1
4878,1
4879,0
4880,1
4881,0
4882,1
4883,0
4884,0
4885,0
4886,0
4887,0
4888,1
4889,0
4890,1
4891,0
4892,1
4893,1
4894,0
4895,0
4896,1
4897,1
4898,0
4899,0
4900,0
4901,1
4902,0
4903,0
4904,1
4905,1
4906,1
4907,0
4908,0
4909,0
4910,0
4911,0
4912,0
4913,1
4914,1
4915,0
4916,1
4917,1
4918,0
4919,0
4920,1
4921,0
4922,0
4923,0
4924,0
4925,0
4926,1
4927,1
4928,1
4929,0
4930,0
4931,0
4932,1
4933,0
4934,1
4935,1
4936,1
4937,1
4938,1
4939,0
4940,0
4941,1
4942,0
4943,1
4944,1
4945,0
4946,0
4947,1
4948,0
4949,1
4950,1
4951,1
4952,0
4953,1
4954,1
4955,1
4956,0
4957,0
4958,0
4959,0
4960,0
4961,0
4962,0
4963,0
4964,1
4965,0
4966,0
4967,1
4968,0
4969,0
4970,1
4971,0
4972,1
4973,0
4974,0
4975,1
4976,0
4977,0
4978,0
4979,1
4980,0
4981,0
4982,1
4983,0
4984,1
4985,0
4986,0
4987,0
4988,0
4989,1
4990,1
4991,0
4992,0
4993,0
4994,1
4995,0
4996,1
4997,0
4998,1
4999,1
5000,1
5001,0
5002,0
5003,0
5004,0
5005,1
5006,0
5007,1
5008,0
5009,1
5010,1
5011,1
5012,0
5013,1
5014,1
5015,1
5016,1
5017,1
5018,0
5019,0
5020,0
5021,1
5022,0
5023,0
5024,1
5025,1
5026,0
5027,1
5028,1
5029,0
5030,0
5031,0
5032,0
5033,1
5034,1
5035,1
5036,1
5037,0
5038,1
5039,1
5040,1
5041,0
5042,0
5043,1
5044,1
5045,1
5046,0
5047,1
5048,1
5049,1
5050,1
5051,1
5052,1
5053,0
5054,0
5055,1
5056,1
5057,0
5058,0
5059,1
5060,1
5061,1
5062,0
5063,1
5064,0
5065,0
5066,0
5067,0
5068,1
5069,1
5070,0
5071,0
5072,1
5073,1
5074,1
5075,1
5076,0
5077,0
5078,0
5079,0
5080,1
5081,1
5082,1
5083,0
5084,1
5085,0
5086,0
5087,1
5088,0
5089,1
5090,1
5091,1
5092,0
5093,1
5094,0
5095,0
5096,0
5097,1
5098,1
5099,0
5100,0
5101,0
5102,1
5103,0
5104,0
5105,1
5106,0
5107,0
5108,1
5109,1
5110,0
5111,0
5112,0
5113,0
5114,0
5115,0
5116,0
5117,1
5118,1
5119,1
5120,0
5121,0
5122,1
5123,0
5124,0
5125,0
5126,1
5127,0
5128,1
5129,1
5130,0
5131,1
5132,1
5133,0
5134,1
5135,1
5136,0
5137,1
5138,1
5139,1
5140,1
5141,0
5142,0
5143,1
5144,1
5145,0
5146,0
5147,1
5148,0
5149,1
5150,0
5151,0
5152,0
5153,0
5154,1
5155,0
5156,0
5157,0
5158,0
5159,1
5160,1
5161,1
5162,1
5163,0
5164,0
5165,0
5166,0
5167,1
5168,1
5169,0
5170,1
5171,1
5172,1
5173,1
5174,1
5175,1
5176,0
5177,1
5178,1
5179,1
5180,1
5181,0
5182,0
5183,0
5184,0
5185,0
5186,0
5187,0
5188,1
5189,0
5190,0
5191,0
5192,0
5193,0
5194,1
5195,0
5196,1
5197,1
5198,0
5199,0
5200,0
5201,0
5202,1
5203,0
5204,0
5205,1
5206,1
5207,0
5208,1
5209,1
5210,0
5211,0
5212,0
5213,0
5214,1
5215,1
5216,0
5217,0
5218,1
5219,1
5220,1
5221,1
5222,1
5223,0
5224,0
5225,0
5226,0
5227,0
5228,1
5229,0
5230,1
5231,0
5232,0
5233,0
5234,1
5235,1
5236,1
5237,1
5238,1
5239,0
5240,0
5241,1
5242,1
5243,1
5244,1
5245,0
5246,0
5247,0
5248,0
5249,1
5250,0
5251,0
5252,1
5253,0
5254,0
5255,0
5256,0
5257,1
5258,1
5259,1
5260,1
5261,1
5262,0
5263,0
5264,1
5265,1
5266,0
5267,0
5268,1
5269,0
5270,1
5271,1
5272,0
5273,0
5274,1
5275,1
5276,0
5277,0
5278,0
5279,1
5280,0
5281,1
5282,0
5283,0
5284,0
5285,1
5286,0
5287,0
5288,0
5289,0
5290,1
5291,1
5292,1
5293,1
5294,1
5295,1
5296,1
5297,0
5298,0
5299,0
5300,0
5301,0
5302,1
5303,1
5304,0
5305,1
5306,0
5307,0
5308,1
5309,1
5310,1
5311,0
5312,0
5313,1
5314,0
5315,0
5316,0
5317,1
5318,1
5319,0
5320,0
5321,1
5322,1
5323,0
5324,1
5325,0
5326,0
5327,1
5328,0
5329,1
5330,0
5331,1
5332,0
5333,0
5334,0
5335,0
5336,0
5337,0
5338,1
5339,0
5340,1
5341,1
5342,0
5343,0
5344,0
5345,1
5346,0
5347,1
5348,0
5349,0
5350,1
5351,1
5352,0
5353,0
5354,1
5355,0
5356,0
5357,1
5358,1
5359,1
5360,1
5361,1
5362,1
5363,1
5364,1
5365,0
5366,1
5367,0
5368,0
5369,1
5370,1
5371,1
5372,0
5373,0
5374,1
5375,0
5376,1
5377,0
5378,0
5379,1
5380,0
5381,1
5382,0
5383,1
5384,1
5385,1
5386,1
5387,0
5388,1
5389,1
5390,0
5391,1
5392,1
5393,0
5394,1
5395,0
5396,0
5397,0
5398,1
5399,1
5400,0
5401,1
5402,0
5403,0
5404,1
5405,1
5406,0
5407,0
5408,1
5409,0
5410,1
5411,1
5412,0
5413,0
5414,1
5415,0
5416,0
5417,0
5418,1
5419,1
5420,0
5421,1
5422,1
5423,1
5424,0
5425,0
5426,0
5427,0
5428,0
5429,0
5430,0
5431,0
5432,0
5433,0
5434,0
5435,0
5436,1
5437,1
5438,1
5439,0
5440,0
5441,0
5442,0
5443,0
5444,0
5445,0
5446,1
5447,1
5448,0
5449,1
5450,1
5451,0
5452,0
5453,1
5454,1
5455,0
5456,1
5457,1
5458,0
5459,0
5460,0
5461,0
5462,1
5463,0
5464,0
5465,0
5466,0
5467,1
5468,0
5469,0
5470,0
5471,0
5472,0
5473,0
5474,0
5475,0
5476,1
5477,1
5478,0
5479,0
5480,1
5481,1
5482,0
5483,0
5484,1
5485,0
5486,1
5487,1
5488,0
5489,0
5490,0
5491,1
5492,1
5493,0
5494,0
5495,0
5496,0
5497,1
5498,0
5499,0
5500,0
5501,1
5502,0
5503,0
5504,0
5505,0
5506,1
5507,1
5508,0
5509,1
5510,1
5511,0
5512,0
5513,1
5514,1
5515,1
5516,1
5517,1
5518,1
5519,0
5520,1
5521,0
5522,0
5523,0
5524,0
5525,1
5526,1
5527,1
5528,1
5529,0
5530,0
5531,1
5532,1
5533,0
5534,1
5535,1
5536,1
5537,0
5538,0
5539,1
5540,1
5541,0
5542,0
5543,1
5544,0
5545,1
5546,0
5547,0
5548,1
5549,1
5550,1
5551,0
5552,1
5553,1
5554,0
5555,0
5556,1
5557,0
5558,1
5559,1
5560,0
5561,1
5562,1
5563,1
5564,0
5565,0
5566,1
5567,0
5568,0
5569,1
5570,0
5571,1
5572,1
5573,1
5574,0
5575,1
5576,1
5577,1
5578,0
5579,0
5580,0
5581,0
5582,1
5583,0
5584,1
5585,0
5586,0
5587,1
5588,0
5589,0
5590,0
5591,0
5592,1
5593,0
5594,0
5595,1
5596,1
5597,1
5598,1
5599,0
5600,0
5601,1
5602,0
5603,1
5604,0
5605,0
5606,1
5607,0
5608,0
5609,0
5610,0
5611,1
5612,0
5613,1
5614,0
5615,0
5616,0
5617,1
5618,1
5619,0
5620,0
5621,1
5622,0
5623,0
5624,0
5625,0
5626,1
5627,1
5628,0
5629,0
5630,1
5631,0
5632,1
5633,0
5634,1
5635,0
5636,1
5637,1
5638,0
5639,0
5640,1
5641,0
5642,1
5643,1
5644,0
5645,0
5646,0
5647,0
5648,0
5649,1
5650,1
5651,0
5652,0
5653,0
5654,0
5655,1
5656,1
5657,0
5658,0
5659,1
5660,0
5661,1
5662,0
5663,0
5664,1
5665,1
5666,1
5667,0
5668,0
5669,0
5670,0
5671,1
5672,0
5673,1
5674,1
5675,0
5676,0
5677,0
5678,0
5679,0
5680,1
5681,0
5682,0
5683,1
5684,0
5685,1
5686,1
5687,1
5688,0
5689,0
5690,1
5691,0
5692,1
5693,0
5694,1
5695,0
5696,1
5697,1
5698,1
5699,0
5700,1
5701,1
5702,0
5703,1
5704,0
5705,1
5706,0
5707,0
5708,0
5709,1
5710,0
5711,0
5712,1
5713,1
5714,1
5715,1
5716,1
5717,1
5718,0
5719,0
5720,0
5721,1
5722,1
5723,0
5724,1
5725,0
5726,0
5727,0
5728,0
5729,0
5730,0
5731,0
5732,0
5733,0
5734,0
5735,1
5736,1
5737,0
5738,1
5739,1
5740,0
5741,0
5742,1
5743,0
5744,1
5745,0
5746,0
5747,1
5748,1
5749,1
5750,0
5751,1
5752,1
5753,1
5754,0
5755,1
5756,1
5757,0
5758,0
5759,1
5760,1
5761,1
5762,0
5763,1
5764,0
5765,1
5766,0
5767,0
5768,0
5769,0
5770,0
5771,1
5772,1
5773,0
5774,0
5775,1
5776,1
5777,1
5778,1
5779,0
5780,0
5781,1
5782,1
5783,1
5784,0
5785,0
5786,0
5787,0
5788,0
5789,0
5790,0
5791,1
5792,1
5793,1
5794,1
5795,1
5796,1
5797,1
5798,1
5799,1
5800,0
5801,0
5802,0
5803,0
5804,1
5805,0
5806,1
5807,0
5808,1
5809,0
5810,0
5811,0
5812,0
5813,1
5814,1
5815,1
5816,0
5817,1
5818,1
5819,1
5820,0
5821,0
5822,1
5823,0
5824,0
5825,0
5826,0
5827,0
5828,1
5829,1
5830,0
5831,0
5832,0
5833,0
5834,1
5835,1
5836,1
5837,0
5838,0
5839,0
5840,1
5841,0
5842,1
5843,0
5844,0
5845,1
5846,1
5847,0
5848,0
5849,0
5850,1
5851,0
5852,0
5853,0
5854,0
5855,0
5856,1
5857,0
5858,0
5859,1
5860,0
5861,0
5862,0
5863,1
5864,0
5865,0
5866,1
5867,1
5868,0
5869,0
5870,0
5871,1
5872,0
5873,1
5874,0
5875,0
5876,1
5877,1
5878,0
5879,0
5880,0
5881,0
5882,1
5883,0
5884,1
5885,0
5886,1
5887,1
5888,1
5889,0
5890,0
5891,0
5892,1
5893,1
5894,0
5895,1
5896,1
5897,0
5898,1
5899,1
5900,1
5901,1
5902,1
5903,0
5904,0
5905,1
5906,1
5907,0
5908,0
5909,1
5910,1
5911,0
5912,1
5913,0
5914,0
5915,1
5916,0
5917,1
5918,0
5919,0
5920,1
5921,1
5922,0
5923,1
5924,0
5925,1
5926,0
5927,0
5928,1
5929,0
5930,1
5931,1
5932,1
5933,1
5934,0
5935,0
5936,0
5937,0
5938,0
5939,1
5940,0
5941,0
5942,1
5943,0
5944,0
5945,0
5946,1
5947,0
5948,1
5949,0
5950,1
5951,1
5952,0
5953,0
5954,1
5955,1
5956,0
5957,0
5958,1
5959,1
5960,0
5961,0
5962,0
5963,0
5964,1
5965,0
5966,1
5967,1
5968,1
5969,0
5970,0
5971,0
5972,0
5973,0
5974,0
5975,1
5976,0
5977,0
5978,1
5979,1
5980,0
5981,0
5982,0
5983,0
5984,0
5985,0
5986,0
5987,0
5988,1
5989,0
5990,1
5991,1
5992,1
5993,0
5994,0
5995,0
5996,0
5997,0
5998,1
5999,0
